   3.121883   2.586013 0.000000
   3.800495  -1.410623 0.000000
   0.678612  -3.996636 0.000000
  -3.121883  -2.586013 0.000000
  -3.800495   1.410623 0.000000
  -0.678612   3.996636 0.000000
   6.145963   5.091011 0.000000
   7.868066   1.335964 0.000000
   7.481927  -2.777054 0.000000
   5.091011  -6.145963 0.000000
   1.335964  -7.868066 0.000000
  -2.777054  -7.481927 0.000000
  -7.868066  -1.335964 0.000000
  -7.481927   2.777054 0.000000
  -5.091011   6.145963 0.000000
  -1.335964   7.868066 0.000000
   2.777054   7.481927 0.000000
   9.199383   7.620314 0.000000
  11.250894   4.014378 0.000000
  11.945380  -0.075751 0.000000
   9.102000  -7.736370 0.000000
   5.907088 -10.382877 0.000000
   1.999694 -11.777056 0.000000
  -2.148893 -11.750749 0.000000
  -6.038292 -10.307127 0.000000
  -9.199383  -7.620314 0.000000
 -11.250894  -4.014378 0.000000
 -11.945380   0.075751 0.000000
 -11.199077   4.156742 0.000000
  -9.102000   7.736370 0.000000
  -5.907088  10.382877 0.000000
   2.148893  11.750749 0.000000
   6.038292  10.307127 0.000000
  12.256716  10.152857 0.000000
  14.466832   6.634635 0.000000
  15.845961  -1.487653 0.000000
  14.920990  -5.538199 0.000000
  12.979179  -9.211326 0.000000
  10.152857 -12.256716 0.000000
   6.634635 -14.466832 0.000000
   2.664274 -15.691056 0.000000
  -1.487653 -15.845961 0.000000
  -5.538199 -14.920990 0.000000
  -9.211326 -12.979179 0.000000
 -12.256716 -10.152857 0.000000
 -14.466832  -6.634635 0.000000
 -15.691056  -2.664274 0.000000
 -15.845961   1.487653 0.000000
 -14.920990   5.538199 0.000000
 -12.979179   9.211326 0.000000
 -10.152857  12.256716 0.000000
  -6.634635  14.466832 0.000000
  -2.664274  15.691056 0.000000
   1.487653  15.845961 0.000000
   5.538199  14.920990 0.000000
   9.211326  12.979179 0.000000
  15.316005  12.687021 0.000000
  17.619093   9.225402 0.000000
  19.152143   5.360590 0.000000
  19.848152   1.261493 0.000000
  19.676701  -2.892736 0.000000
  18.645284  -6.920539 0.000000
  16.798979 -10.645881 0.000000
  14.218478 -13.905947 0.000000
  11.016561 -16.558257 0.000000
   3.329279 -19.607559 0.000000
  -0.820114 -19.871283 0.000000
  -4.933665 -19.266538 0.000000
  -8.831591 -17.819751 0.000000
 -12.343534 -15.594155 0.000000
 -15.316005 -12.687021 0.000000
 -17.619093  -9.225402 0.000000
 -19.152143  -5.360590 0.000000
 -19.848152  -1.261493 0.000000
 -19.676701   2.892736 0.000000
 -18.645284   6.920539 0.000000
 -16.798979  10.645881 0.000000
 -14.218478  13.905947 0.000000
 -11.016561  16.558257 0.000000
  -7.333167  18.486891 0.000000
  -3.329279  19.607559 0.000000
   0.820114  19.871283 0.000000
   4.933665  19.266538 0.000000
   8.831591  17.819751 0.000000
  12.343534  15.594155 0.000000
